1.5 0.115150883419 0.00369409841684
2.5 0.0810843907234 0.00238420540611
3.5 0.0468744197811 0.00141273187926
4.5 0.0536647004198 0.00125283318608
5.5 0.0521639333091 0.00194717218007
6.5 0.0569976924079 0.0025157559561
7.5 0.0792429586858 0.00289092957242
8.5 0.0775626519514 0.00537153993646
9.5 0.0712173840551 0.00794791285753
10.5 0.0774859256165 0.007506537188
11.5 0.058305876418 0.00718075973112
12.5 0.0506271048211 0.0076660687391
13.5 0.0426437296746 0.00802706618787
14.5 0.0242125295047 0.0082030061825
15.5 0.031797694973 0.00745998042479
16.5 0.0106196920136 0.00664662899074
17.5 0.0156337579994 0.00638915451795
18.5 0.0105145769348 0.00546021561192
19.5 0.0063054469285 0.00431677980738
20.5 0.00733741613292 0.00402880347133
21.5 0.00550012731738 0.00346849399412
22.5 0.00397979499131 0.00265192182698
23.5 0.00332370810158 0.00227041072078
24.5 0.00408675150217 0.00249696436604
25.5 0.00345306870222 0.00213529823601
26.5 0.0022153194676 0.00157177541595
27.5 0.00156882336972 0.00121097695784
28.5 0.0015692070014 0.00116973660178
29.5 0.00193411745018 0.00122512463035
30.5 0.00148112516893 0.000930475029847
31.5 0.000653900189194 0.000493402402304
32.5 0.000285245495261 0.000243590642658
33.5 0.000158025559362 0.000138490047137
34.5 0.000109166229297 9.60435692824e-05
35.5 8.68465384744e-05 7.60838207964e-05
36.5 7.72864371458e-05 6.75390319701e-05
37.5 7.47207085067e-05 6.49878686033e-05
