1.5 2490192141.27 79886619.8288
2.5 1753488176.24 51559565.9291
3.5 1013681426.48 30550992.9147
4.5 1160524446.54 27093108.291
5.5 1128069650.24 42108516.3789
6.5 1232601969.61 54404408.5917
7.5 1713666340.29 62517714.9182
8.5 1677328914.99 116162083.512
9.5 1540109505.28 171877362.549
10.5 1675669671.82 162332405.611
11.5 1260892065.56 155287314.52
12.5 1094835009.66 165782350.614
13.5 922190758.393 173589090.634
14.5 523607365.419 177393875.964
15.5 687640144.661 161325593.658
16.5 229655846.397 143736485.446
17.5 338087387.197 138168478.587
18.5 227382683.262 118079736.8
19.5 136358262.501 93352398.4595
20.5 158675083.064 87124774.4273
21.5 118942846.247 75007817.8275
22.5 86064942.9422 57349059.7441
23.5 71876754.6426 49098702.211
24.5 88377927.9135 53998031.5974
25.5 74674238.618 46176831.0296
26.5 47907327.8884 33990384.3759
27.5 33926544.9844 26187947.6225
28.5 33934841.2002 25296105.4801
29.5 41826201.6905 26493897.7103
30.5 32030030.0474 20121961.1884
31.5 14140899.8694 10670059.562
32.5 6168568.31263 5267762.48711
33.5 3417377.22159 2994912.55981
34.5 2360771.17444 2076987.46501
35.5 1878097.33789 1645348.49407
36.5 1671355.63959 1460563.4073
37.5 1615870.54817 1405393.29676
