0  25  4.478776e-01  1.00e+06  19
0  54  2.616701e-01  1.00e+06  19
1  114  2.188755e-01  1.00e+06  13
1  140  1.891538e-01  1.00e+07  7
1  174  1.882709e-01  1.00e+07  7
2  259  1.804235e-01  1.00e+07  7
3  331  1.665788e-01  1.00e+07  7
4  421  1.537305e-01  1.00e+07  7
5  467  1.483240e-01  1.00e+07  19
8  744  1.297208e-01  1.00e+08  3
8  754  1.215477e-01  1.00e+08  3
9  852  1.145204e-01  1.00e+08  0
13  1154  1.130385e-01  1.00e+08  3
14  1247  1.103977e-01  1.00e+08  3
20  1737  1.042728e-01  1.00e+08  0
29  2482  1.028465e-01  1.00e+08  24
29  2492  1.000748e-01  1.00e+08  6
32  2755  9.510719e-02  1.00e+08  19
33  2836  9.267522e-02  1.00e+08  1
37  3160  9.032574e-02  1.00e+08  21
39  3280  9.543268e-02  1.00e+08  3
40  3384  9.030595e-02  1.00e+08  1
40  3458  8.491122e-02  1.00e+08  3
44  3783  8.241154e-02  1.00e+08  3
46  3955  8.165755e-02  1.00e+08  0
46  3971  8.160525e-02  1.00e+08  0
47  4050  8.094787e-02  1.00e+08  0
51  4390  8.051064e-02  1.00e+08  3
52  4475  7.530993e-02  1.00e+08  3
53  4561  7.511459e-02  1.00e+08  0
53  4575  7.315947e-02  1.00e+08  0
